$ANSIBLE_VAULT;1.1;AES256
34396639396336363261303039373763643964616130393037306439323936333762373866306365
3637373433326335623437653331356137383263316162300a303838333932653062386239653737
64376562636436323737343038626633633561313339666366626365363336383632333033396338
3934346564346432320a346136653035366435653765666237653463313331313262323965393930
33313435613330323331633034373063653232353830616562643861373734333637616633333737
39353037366264316232383039313366383930333136383131623936323832346338383064366665
61363638383135613131626461353139356464656430653835663338373131643039376636393831
61386361303530383166663636626364636663326461356239656436336262323336356338666364
32396338653439393339336634386534633339346264373566396239653362316162616631333833
31383638336365386562393338663462333833663733363339656533633731386665633439323638
35666439373736653261353534323738366664396134346434386262363430313365326131343334
35636135316335376634373239623538313162666133663535333538626234353336653732636561
31646264343134646566343061383364353232303932303332366133393661356433316363613864
30623935653333353933623634373237396539303664663866326566353565613437633564316462
34323938323832386162366366333834326636323732326262613331306436343936643066306162
36336435636135376338643432336232666436323231663266626338623130643965653630643762
63636263373964663836306233303331313235336535633239306337363532303731323863643037
35393532353130316635323538636264363232393032303830396166383765336539303935376331
33323965346262666231636561303431373336633561643230306138663031653838373839666464
35346666633137616263643366343264633062393033346438323430653833333163643233613837
63663634333138343834613534633137376231393464653538333566326162383165633864346233
38356235613031623164313738613235363334616563626130366364626265356530626236323934
31623936376363313162643537663164303639373438396463373234623335633330363535363938
36646634306563336638303566613333656565656232393430323465626634356133336238313565
33383939353530356236366665613363656633356165363032643931306338343864633234646661
30383662363330366564653438336430343734613834623138383563613837393733303232646531
65356664653864633965363032393233386132336332616631343838373464353639393434393238
31663766663663643932386635643033313164366236313335323763666434313666333032373966
34623533373662323033366166663635383964613238613330643164306364376138623363633533
63303530363136363264643465653361633330323365663033316239643463306531303233376164
63363363653732323239636630326139346466643362316238643163336465636236366534643464
37663130373836333662633862306437303538656266373738666135326566393233653836336535
61306130323963393966326438313830316430313562613630646366623437666464333338633866
31366433343061356431646339306237336166353835386131653433376330643866346265646562
39363237373037623164643238343062313034343732336664323364366630313865316662363062
62366330396363626164373133346338363566346664306332363035303632663337313731653630
32393436636430393861636131653439386266663332646336373332363838313064306533373363
30666635343236306466373135316630623136343234363964373130396231393934643630316630
63666538376231616566326563383230656262326362643939363366386430306262653734656563
34356136636135633162353263636262363463373239383030666164323830633161626166653137
32613164376639313130633765363136633331333435316230346566656137636132643862396133
31653430353065383733363838656261646131653733653132356535353433386230353830383066
32666635616334323033356562303339306337396564613434643565346231353662373432353632
66333634653963373738653230643563313764626264663961613736646365626534643364653261
30346662633961373039626163626435383764323161656531353332636165616231626639616663
33636436346164393465366536386332326139323962356533643035346264653133613538616634
34663332373035323537316235366339653564373837613466343066316533386535343563376364
66336161646334393561343965636337373362616633653235393533393234653264356339366361
64643230363661376133316231653438623638333461653539326136333431396465386335386439
66323862353062666563613039363566326237313037643236616231343634653565373538323638
33613934313062613432336465663463393539613831333863616262643965653762336330366237
66666537313035366639633038313162653837656232636564643766346539626439333661616165
39353131313038393632303932343838633835313333316333306664633636336362623465303035
62333834623961643566313330383864363864356466653964333836623230326132356362663465
66666566393266383333386661363931636432343261666337316130306436313832333935373230
63656330326431656234646530633933363234616431663966376562633732303865386335323339
35633635666232653639653431656138653665646266666366613462653030633163363166623533
65663239393132346134663263613562643335376664396134366561663236393134356262663236
32613831666662636136303434663861363339323338316535653364326662396230646232643063
38636133346562666533353137386262636165333163633539306432313562656633643234666135
33343664613135653161633531303139376165306363306637316633376532666134666363633064
64343963363066326135383765623361343666363735313737616234353035356165363562623861
62366266383136633731656135653163323462663732353564396566323165316331393238616339
30323631626236336334363564323065393937336236323936653939306636616563353561303064
63376165303832616238376236643035306565336235643235313932633864333866663865333265
66626639353962626539383762383763643733636638653236653435663164393630363831613439
34623065316538323361333539656639633061613066666466386166326531623863303739666235
63336264313834383966386131623238646366386361396236343766643864626437313261663330
31323433663133303637346466636566376465646437306661316534343533323732326333666231
35346662356630656133303935353163666632633036373765343131656134333732303939613734
65376531323661626262326630626166333966383539663031383936626131373031363537613766
61343463336330393034346332326366343461316536303234303563653566656330646366326538
37383564353562323138353332626533323337326434363536373762616633353562613962363338
63313830353461633831626161663134633365616434623761356230366233373437633838353734
36663433616164313730386331663131653432656666323562663866633764643065386636616364
61386261666663363831376433663862343161646532623536303731353261623165303866643638
64303631613432303464643461303833613364343064333532343234623335653561623563633739
66613263326336386531353464343463653331393962313734313636353464633761383138376361
34373235663835643638363237336361386565326333656337393665353662353665333534343733
66326330653865653863396265326539643562393365303337363864333766316136386266373262
38336431323637353866393536326230353334396562633339626164363430343633313630313866
39383765636435313661613239663032333331636239346133303864303533316139336361366338
65363735643563376231643636333436643462353437616534636338343365316532366636366364
31323436383463363031343263613865356135636535366263333861356463616136656135613430
38366138393139623739353964613433333335393832353836323831316664633931323865666633
36393065363239613538343561353262623731653166303531653834393835373165373230633539
63353663653534333464393338333936356137316166393432396331303865366637396361313530
33633435356166656461323330316336306366396532626439626163623730363666623635663134
31613631303331633962643430313636303038343966323038613535653633303738663132653862
63393564393534346639356664393336656334306665633634326132326166386634646239356631
34626265336365613530323263326635316639333332653064316138663438303736376138333735
63393035326565333130616537373732323535646431353533343264353938646333343539316337
64323133326639626535376562326234306365646639386363306530346331396238363134316132
66663130383239623034386165373238623931333365663639313236343330313161336432643263
32363035393965643035643362323365343162356337626664303062376536346232376637663135
63643337323437643266346530343663613863333165336139646565613237386138323539653561
62393932373733643164656566356535356431623532373961356664316435306239656432303664
35636139303363666334323165643063343566333432323365313738313135343362616137306139
65313465333839663831356638346165333334346635353631306161353034316335313063383632
32323030316461383537653736343064306532373330633437623236613632303566666437383731
34373231656238653937373434306461313865363638383434386136366366313162616462306132
36666436616230623331396335346262363139363531613266623031653661653334623564316131
61663737373965333438656463396335343833326136353437303833643265666235313462663430
37636464626239346664666537666538356130616330316538636263623837393463316162303733
38393430343231666364376361396630363966306332343938333366373266396138373037643964
35653735643230333138303533333664663365363231383939386235616263363265646532326265
61636664373239656462346535656566316132376338626237386630373462373838633265356237
33386336303332373163323030313130353336366230323533393062373562666266636535373236
35663066383366306263313461356431363634633133343936386530353364353666633438313964
33623762383136393966623630383333376436656438336338376439356535303962663334383838
34656430333665326631313462613531373265323562393437383330643864613963376131663164
36303635663036356565323935346262333331376361376531666531616237356665386265626661
34363665383031303338343538633933623164343134663363343139383166393162373939363962
31653966393832343232626561366265653135336530396363386163613633316133653237386630
63313662653136376333323038373633623963373865656138343630353233316261356666396662
33646262363361623130663261383435326638363333636330393661626337326432313538373231
62656338306536323931616563316632643561663937323838623765303132653962393863346636
66393932646435633930396532623436303736303161313530356163396533383264643061343665
39386130373539313832346430383535633731333839643238623636616365393364653630313766
34323237303631666363636637663164316135666132623962396633346163333534653134626365
34323865373136373466386431643934363838366331633932646137663465313336353262626337
31323031323238643238323337663738643833353432623536336664383265366562343666336535
63623463356534656531336330313332396262633863333832393662326137653737306366366131
63653366336132303635346162653538313937616331646634373935623931393737656534363338
65626432306661323331376561393562666161306638396463396332653237373065373062373038
34303537616561333437636465393335613336373139653333326538666661343763363937613237
33306438343231383935636132323063303561346664326664616634396565366638653932343037
38336137306462353239326136393636383963303530383633656665363062363535336636373364
36393838616335313732376534313566356266636265613636396536353866653632626266346663
35363933313066323866303465326135633062663535333131643236323762643566343530636563
35376461646233623737636663356566316433663531623834346235326639643738623230623864
64633265353736656136663261303639666634346334323164306332323036386663396536303834
32323339393561333731306635316665346239383433356664663364656338656366373163336366
39656661323430373237333235353039376134623337343433656230333930663032626238653335
64366562643035663939313238353763306232393538663365643266636365613733396466346439
34393830663963623434356164646461656461333662363037323630356636333832343334376334
65626364396361356264356534346264353261313731366434323334373261303862383831303961
36313064626463656631383632306430376264353133326662623765666430623332666338376332
36313036626530356335633938353731656134396365613735366231646663313861336134326232
61316434303633666166653166383363653536646565373234636537343061313661646662356566
30333530303864663131313936396539323035653963653865383661386536653331613032346433
64383065663961633032383036353031656461636639313166383462316439613032373933316134
30663937396265383033613739303765623465363665323838313534333461366630613663383332
31303462373237343030336638663363656262383963623862666337666536386331303234663166
66616335393636393630653933386363393737616239373230393763633133656134666361656164
66333637383435326137316539646536376635666135616562373831323966353261363165313963
34386131373333663233373865356331316535353864643634343738383736363663333730333937
31393463373663366534303738346263326639313663383638393761393532373263633562636434
66663361623339623332646134363734393034333532353339616130376338653231313033633837
63393135393361656133373734316139646366376137636264336331363466333732643637653835
30363265623865656366303265393066636533313838663734646538333631653834316637666431
64333834323733396335633266666537353763623333356638303830313431663535373231366564
38306262393361653538373736383737343530363462393238376561333037323932343263353139
32323634626464316463313666326466363737363537666364613566623861393832633236653234
61616632663664346665313634636439666236333035653330653333363031656436633136663937
35656265653837383037613037353637633030393831656530353139393433353432636133346334
65346465653066356266353230373035353430616465373038383830663837616162613838663532
39636530313636303238313163383936653465633531343463303333326263333862393135663232
30383037653436333934356631313633373834373664393262303566643663316239343838383437
37316130376231613761346665386661356262653562356365366236666231666261316537633664
31663335353664326564643439343138333536393738353039633465356265323335346332633161
35303837646131333037613335376366306237363263646430633039633665346261373533643831
62313736323937386365363535313461333936353638383033383935316337303939373932666336
66356632613562643036323834633265653037356262356139363839326164396631656133316130
38623363356163323134356333313562343961643738386335633364336135363365363237633834
3438393439643961383366363732386266343062316265383062
